100 [(342, 99)] 
125 [(290, 111)] 
150 [(239, 116)] 
175 [(182, 115)] 
200 [(137, 121)] 
225 [(99, 139)] 
250 [(86, 171)] 
275 [(86, 197)] 
300 [(124, 204)] 
325 [(163, 211)] 
350 [(207, 212)] 
375 [(246, 219)] 
400 [(278, 239)] 
425 [(271, 239)] 
425 [(271, 239)(354, 93)] 
450 [(239, 232)] 
450 [(239, 232)(297, 117)] 
475 [(201, 218)] 
475 [(201, 218)(265, 142)] 
500 [(156, 211)] 
500 [(156, 211)(226, 187)] 
525 [(124, 204)] 
525 [(124, 204)(201, 231)] 
550 [(92, 223)] 
550 [(92, 223)(201, 263)] 
575 [(79, 236)] 
575 [(79, 236)(226, 264)] 
600 [(86, 236)] 
600 [(86, 236)(246, 239)] 
625 [(99, 217)] 
625 [(99, 217)(265, 194)] 
650 [(105, 197)] 
650 [(105, 197)(265, 149)] 
675 [(105, 197)] 
675 [(105, 197)(226, 122)] 
700 [(105, 197)] 
700 [(105, 197)(188, 102)] 
725 [(137, 198)] 
725 [(137, 198)(150, 102)] 
750 [(175, 199)] 
750 [(175, 199)(124, 127)] 
775 [(226, 206)] 
775 [(226, 206)(111, 172)] 
800 [(252, 219)] 
800 [(252, 219)(105, 217)] 
825 [(271, 226)] 
825 [(271, 226)(124, 256)] 
825 [(271, 226)(124, 256)(354, 99)] 
850 [(246, 226)] 
850 [(246, 226)(150, 275)] 
850 [(246, 226)(150, 275)(303, 117)] 
875 [(214, 219)] 
875 [(214, 219)(188, 276)] 
875 [(214, 219)(188, 276)(265, 130)] 
900 [(182, 237)] 
900 [(182, 237)(226, 264)] 
900 [(182, 237)(226, 264)(220, 129)] 
925 [(143, 243)] 
925 [(143, 243)(252, 232)] 
925 [(143, 243)(252, 232)(182, 135)] 
950 [(111, 243)] 
950 [(111, 243)(258, 187)] 
950 [(111, 243)(258, 187)(143, 140)] 
975 [(86, 223)] 
975 [(86, 223)(239, 142)] 
975 [(86, 223)(239, 142)(111, 140)] 
1000 [(73, 203)] 
1000 [(73, 203)(220, 129)] 
1000 [(73, 203)(220, 129)(105, 152)] 
1025 [(92, 204)] 
1025 [(92, 204)(214, 161)] 
1025 [(92, 204)(214, 161)(111, 172)] 
1050 [(79, 178)] 
1050 [(79, 178)(226, 200)] 
1050 [(79, 178)(226, 200)(131, 185)] 
1075 [(92, 146)] 
1075 [(92, 146)(233, 238)] 
1075 [(92, 146)(233, 238)(169, 186)] 
1100 [(111, 133)] 
1100 [(111, 133)(188, 257)] 
1100 [(111, 133)(188, 257)(207, 186)] 
1125 [(150, 121)] 
1125 [(150, 121)(150, 262)] 
1125 [(150, 121)(150, 262)(239, 206)] 
1150 [(182, 122)] 
1150 [(182, 122)(105, 268)] 
1150 [(182, 122)(105, 268)(265, 226)] 
1175 [(214, 135)] 
1175 [(214, 135)(86, 236)] 
1175 [(214, 135)(86, 236)(284, 246)] 
1175 [(214, 135)(86, 236)(284, 246)(329, 99)] 
1200 [(239, 161)] 
1200 [(239, 161)(73, 197)] 
1200 [(239, 161)(73, 197)(278, 258)] 
1200 [(239, 161)(73, 197)(278, 258)(284, 117)] 
1225 [(246, 187)] 
1225 [(246, 187)(79, 152)] 
1225 [(246, 187)(79, 152)(265, 258)] 
1225 [(246, 187)(79, 152)(265, 258)(246, 136)] 
1250 [(239, 213)] 
1250 [(239, 213)(99, 127)] 
1250 [(239, 213)(99, 127)(271, 233)] 
1250 [(239, 213)(99, 127)(271, 233)(201, 161)] 
1275 [(214, 225)] 
1275 [(214, 225)(131, 108)] 
1275 [(214, 225)(131, 108)(284, 194)] 
1275 [(214, 225)(131, 108)(284, 194)(150, 172)] 
1300 [(182, 212)] 
1300 [(182, 212)(169, 121)] 
1300 [(182, 212)(169, 121)(278, 162)] 
1300 [(182, 212)(169, 121)(278, 162)(118, 198)] 
1325 [(156, 179)] 
1325 [(156, 179)(201, 161)] 
1325 [(156, 179)(201, 161)(271, 136)] 
1325 [(156, 179)(201, 161)(271, 136)(105, 230)] 
1350 [(118, 172)] 
1350 [(118, 172)(226, 206)] 
1350 [(118, 172)(226, 206)(239, 129)] 
1350 [(118, 172)(226, 206)(239, 129)(124, 268)] 
1375 [(92, 171)] 
1375 [(92, 171)(246, 232)] 
1375 [(92, 171)(246, 232)(207, 135)] 
1375 [(92, 171)(246, 232)(207, 135)(150, 295)] 
1400 [(79, 191)] 
1400 [(79, 191)(278, 239)] 
1400 [(79, 191)(278, 239)(188, 147)] 
1400 [(79, 191)(278, 239)(188, 147)(194, 302)] 
1425 [(79, 216)] 
1425 [(79, 216)(290, 207)] 
1425 [(79, 216)(290, 207)(169, 173)] 
1425 [(79, 216)(290, 207)(169, 173)(226, 283)] 
1450 [(105, 236)] 
1450 [(105, 236)(271, 175)] 
1450 [(105, 236)(271, 175)(137, 185)] 
1450 [(105, 236)(271, 175)(137, 185)(239, 258)] 
1475 [(137, 256)] 
1475 [(137, 256)(239, 136)] 
1475 [(137, 256)(239, 136)(105, 185)] 
1475 [(137, 256)(239, 136)(105, 185)(239, 219)] 
1500 [(169, 263)] 
1500 [(169, 263)(201, 103)] 
1500 [(169, 263)(201, 103)(92, 159)] 
1500 [(169, 263)(201, 103)(92, 159)(220, 193)] 
1525 [(214, 264)] 
1525 [(214, 264)(188, 96)] 
1525 [(214, 264)(188, 96)(86, 126)] 
1525 [(214, 264)(188, 96)(86, 126)(201, 167)] 
1550 [(239, 238)] 
1550 [(239, 238)(207, 103)] 
1550 [(239, 238)(207, 103)(111, 101)] 
1550 [(239, 238)(207, 103)(111, 101)(175, 147)] 
1550 [(239, 238)(207, 103)(111, 101)(175, 147)(354, 105)] 
1575 [(265, 213)] 
1575 [(265, 213)(214, 148)] 
1575 [(265, 213)(214, 148)(137, 89)] 
1575 [(265, 213)(214, 148)(137, 89)(156, 128)] 
1575 [(265, 213)(214, 148)(137, 89)(156, 128)(329, 105)] 
1600 [(258, 174)] 
1600 [(258, 174)(201, 193)] 
1600 [(258, 174)(201, 193)(169, 96)] 
1600 [(258, 174)(201, 193)(169, 96)(137, 108)] 
1600 [(258, 174)(201, 193)(169, 96)(137, 108)(310, 111)] 
1625 [(252, 149)] 
1625 [(252, 149)(182, 237)] 
1625 [(252, 149)(182, 237)(182, 128)] 
1625 [(252, 149)(182, 237)(182, 128)(131, 82)] 
1625 [(252, 149)(182, 237)(182, 128)(131, 82)(303, 124)] 
1650 [(233, 142)] 
1650 [(233, 142)(156, 263)] 
1650 [(233, 142)(156, 263)(194, 154)] 
1650 [(233, 142)(156, 263)(194, 154)(156, 76)] 
1650 [(233, 142)(156, 263)(194, 154)(156, 76)(284, 156)] 
1675 [(194, 122)] 
1675 [(194, 122)(118, 262)] 
1675 [(194, 122)(118, 262)(214, 193)] 
1675 [(194, 122)(118, 262)(214, 193)(188, 70)] 
1675 [(194, 122)(118, 262)(214, 193)(188, 70)(278, 188)] 
1700 [(169, 121)] 
1700 [(169, 121)(92, 229)] 
1700 [(169, 121)(92, 229)(233, 219)] 
1700 [(169, 121)(92, 229)(233, 219)(207, 84)] 
1700 [(169, 121)(92, 229)(233, 219)(207, 84)(271, 220)] 
1725 [(143, 115)] 
1725 [(143, 115)(92, 197)] 
1725 [(143, 115)(92, 197)(239, 219)] 
1725 [(143, 115)(92, 197)(239, 219)(214, 103)] 
1725 [(143, 115)(92, 197)(239, 219)(214, 103)(284, 201)] 
1750 [(124, 127)] 
1750 [(124, 127)(118, 178)] 
1750 [(124, 127)(118, 178)(252, 239)] 
1750 [(124, 127)(118, 178)(252, 239)(201, 109)] 
1750 [(124, 127)(118, 178)(252, 239)(201, 109)(265, 168)] 
1775 [(105, 146)] 
1775 [(105, 146)(156, 173)] 
1775 [(105, 146)(156, 173)(278, 246)] 
1775 [(105, 146)(156, 173)(278, 246)(194, 115)] 
1775 [(105, 146)(156, 173)(278, 246)(194, 115)(246, 142)] 
1800 [(92, 165)] 
1800 [(92, 165)(188, 180)] 
1800 [(92, 165)(188, 180)(290, 252)] 
1800 [(92, 165)(188, 180)(290, 252)(188, 135)] 
1800 [(92, 165)(188, 180)(290, 252)(188, 135)(220, 103)] 
1825 [(99, 197)] 
1825 [(99, 197)(220, 193)] 
1825 [(99, 197)(220, 193)(265, 245)] 
1825 [(99, 197)(220, 193)(265, 245)(175, 141)] 
1825 [(99, 197)(220, 193)(265, 245)(175, 141)(188, 90)] 
1850 [(99, 223)] 
1850 [(99, 223)(252, 200)] 
1850 [(99, 223)(252, 200)(239, 258)] 
1850 [(99, 223)(252, 200)(239, 258)(182, 173)] 
1850 [(99, 223)(252, 200)(239, 258)(182, 173)(143, 89)] 
1875 [(118, 236)] 
1875 [(118, 236)(271, 181)] 
1875 [(118, 236)(271, 181)(226, 251)] 
1875 [(118, 236)(271, 181)(226, 251)(201, 193)] 
1875 [(118, 236)(271, 181)(226, 251)(201, 193)(118, 108)] 
1875 [(118, 236)(271, 181)(226, 251)(201, 193)(118, 108)(354, 99)] 
1900 [(137, 262)] 
1900 [(137, 262)(284, 181)] 
1900 [(137, 262)(284, 181)(207, 231)] 
1900 [(137, 262)(284, 181)(207, 231)(233, 206)] 
1900 [(137, 262)(284, 181)(207, 231)(233, 206)(105, 127)] 
1900 [(137, 262)(284, 181)(207, 231)(233, 206)(105, 127)(322, 98)] 
1925 [(163, 263)] 
1925 [(163, 263)(290, 181)] 
1925 [(163, 263)(290, 181)(188, 199)] 
1925 [(163, 263)(290, 181)(188, 199)(246, 226)] 
1925 [(163, 263)(290, 181)(188, 199)(246, 226)(92, 159)] 
1925 [(163, 263)(290, 181)(188, 199)(246, 226)(92, 159)(278, 117)] 
1950 [(194, 263)] 
1950 [(194, 263)(284, 168)] 
1950 [(194, 263)(284, 168)(163, 166)] 
1950 [(194, 263)(284, 168)(163, 166)(239, 258)] 
1950 [(194, 263)(284, 168)(163, 166)(239, 258)(86, 184)] 
1950 [(194, 263)(284, 168)(163, 166)(239, 258)(86, 184)(239, 136)] 
1975 [(220, 232)] 
1975 [(220, 232)(265, 142)] 
1975 [(220, 232)(265, 142)(131, 140)] 
1975 [(220, 232)(265, 142)(131, 140)(214, 277)] 
1975 [(220, 232)(265, 142)(131, 140)(214, 277)(73, 216)] 
1975 [(220, 232)(265, 142)(131, 140)(214, 277)(73, 216)(207, 148)] 
2000 [(252, 213)] 
2000 [(252, 213)(226, 116)] 
2000 [(252, 213)(226, 116)(99, 133)] 
2000 [(252, 213)(226, 116)(99, 133)(194, 276)] 
2000 [(252, 213)(226, 116)(99, 133)(194, 276)(73, 248)] 
2000 [(252, 213)(226, 116)(99, 133)(194, 276)(73, 248)(175, 154)] 
2025 [(258, 187)] 
2025 [(258, 187)(188, 102)] 
2025 [(258, 187)(188, 102)(86, 158)] 
2025 [(258, 187)(188, 102)(86, 158)(194, 257)] 
2025 [(258, 187)(188, 102)(86, 158)(194, 257)(99, 268)] 
2025 [(258, 187)(188, 102)(86, 158)(194, 257)(99, 268)(150, 172)] 
2050 [(258, 149)] 
2050 [(258, 149)(156, 108)] 
2050 [(258, 149)(156, 108)(73, 184)] 
2050 [(258, 149)(156, 108)(73, 184)(188, 225)] 
2050 [(258, 149)(156, 108)(73, 184)(188, 225)(118, 288)] 
2050 [(258, 149)(156, 108)(73, 184)(188, 225)(118, 288)(131, 179)] 
2075 [(239, 136)] 
2075 [(239, 136)(124, 101)] 
2075 [(239, 136)(124, 101)(79, 210)] 
2075 [(239, 136)(124, 101)(79, 210)(194, 199)] 
2075 [(239, 136)(124, 101)(79, 210)(194, 199)(137, 307)] 
2075 [(239, 136)(124, 101)(79, 210)(194, 199)(137, 307)(111, 185)] 
2100 [(220, 122)] 
2100 [(220, 122)(131, 101)] 
2100 [(220, 122)(131, 101)(92, 223)] 
2100 [(220, 122)(131, 101)(92, 223)(175, 186)] 
2100 [(220, 122)(131, 101)(92, 223)(175, 186)(169, 301)] 
2100 [(220, 122)(131, 101)(92, 223)(175, 186)(169, 301)(99, 165)] 
2125 [(226, 135)] 
2125 [(226, 135)(163, 102)] 
2125 [(226, 135)(163, 102)(111, 210)] 
2125 [(226, 135)(163, 102)(111, 210)(143, 160)] 
2125 [(226, 135)(163, 102)(111, 210)(143, 160)(194, 302)] 
2125 [(226, 135)(163, 102)(111, 210)(143, 160)(194, 302)(92, 139)] 
2150 [(226, 161)] 
2150 [(226, 161)(201, 116)] 
2150 [(226, 161)(201, 116)(137, 198)] 
2150 [(226, 161)(201, 116)(137, 198)(111, 159)] 
2150 [(226, 161)(201, 116)(137, 198)(111, 159)(226, 283)] 
2150 [(226, 161)(201, 116)(137, 198)(111, 159)(226, 283)(111, 120)] 
2175 [(233, 193)] 
2175 [(233, 193)(239, 136)] 
2175 [(233, 193)(239, 136)(169, 173)] 
2175 [(233, 193)(239, 136)(169, 173)(92, 165)] 
2175 [(233, 193)(239, 136)(169, 173)(92, 165)(252, 264)] 
2175 [(233, 193)(239, 136)(169, 173)(92, 165)(252, 264)(131, 108)] 
2200 [(226, 225)] 
2200 [(226, 225)(258, 162)] 
2200 [(226, 225)(258, 162)(194, 141)] 
2200 [(226, 225)(258, 162)(194, 141)(79, 197)] 
2200 [(226, 225)(258, 162)(194, 141)(79, 197)(284, 246)] 
2200 [(226, 225)(258, 162)(194, 141)(79, 197)(284, 246)(137, 114)] 
2225 [(207, 251)] 
2225 [(207, 251)(226, 180)] 
2225 [(207, 251)(226, 180)(220, 129)] 
2225 [(207, 251)(226, 180)(220, 129)(79, 229)] 
2225 [(207, 251)(226, 180)(220, 129)(79, 229)(297, 214)] 
2225 [(207, 251)(226, 180)(220, 129)(79, 229)(297, 214)(150, 140)] 
2250 [(175, 263)] 
2250 [(175, 263)(182, 205)] 
2250 [(175, 263)(182, 205)(252, 136)] 
2250 [(175, 263)(182, 205)(252, 136)(92, 249)] 
2250 [(175, 263)(182, 205)(252, 136)(92, 249)(297, 182)] 
2250 [(175, 263)(182, 205)(252, 136)(92, 249)(297, 182)(163, 160)] 
2275 [(137, 256)] 
2275 [(137, 256)(131, 198)] 
2275 [(137, 256)(131, 198)(265, 162)] 
2275 [(137, 256)(131, 198)(265, 162)(111, 281)] 
2275 [(137, 256)(131, 198)(265, 162)(111, 281)(303, 156)] 
2275 [(137, 256)(131, 198)(265, 162)(111, 281)(303, 156)(175, 186)] 
2300 [(124, 236)] 
2300 [(124, 236)(99, 184)] 
2300 [(124, 236)(99, 184)(278, 194)] 
2300 [(124, 236)(99, 184)(278, 194)(143, 288)] 
2300 [(124, 236)(99, 184)(278, 194)(143, 288)(290, 130)] 
2300 [(124, 236)(99, 184)(278, 194)(143, 288)(290, 130)(182, 225)] 
2325 [(111, 204)] 
2325 [(111, 204)(86, 146)] 
2325 [(111, 204)(86, 146)(265, 220)] 
2325 [(111, 204)(86, 146)(265, 220)(175, 321)] 
2325 [(111, 204)(86, 146)(265, 220)(175, 321)(265, 117)] 
2325 [(111, 204)(86, 146)(265, 220)(175, 321)(265, 117)(194, 250)] 
2350 [(124, 185)] 
2350 [(124, 185)(86, 133)] 
2350 [(124, 185)(86, 133)(246, 232)] 
2350 [(124, 185)(86, 133)(246, 232)(188, 295)] 
2350 [(124, 185)(86, 133)(246, 232)(188, 295)(233, 103)] 
2350 [(124, 185)(86, 133)(246, 232)(188, 295)(233, 103)(220, 270)] 
2375 [(156, 173)] 
2375 [(156, 173)(79, 126)] 
2375 [(156, 173)(79, 126)(214, 219)] 
2375 [(156, 173)(79, 126)(214, 219)(188, 282)] 
2375 [(156, 173)(79, 126)(214, 219)(188, 282)(201, 96)] 
2375 [(156, 173)(79, 126)(214, 219)(188, 282)(201, 96)(239, 258)] 
2400 [(194, 173)] 
2400 [(194, 173)(73, 165)] 
2400 [(194, 173)(73, 165)(175, 212)] 
2400 [(194, 173)(73, 165)(175, 212)(188, 263)] 
2400 [(194, 173)(73, 165)(175, 212)(188, 263)(169, 89)] 
2400 [(194, 173)(73, 165)(175, 212)(188, 263)(169, 89)(271, 245)] 
2425 [(220, 180)] 
2425 [(220, 180)(73, 216)] 
2425 [(220, 180)(73, 216)(143, 205)] 
2425 [(220, 180)(73, 216)(143, 205)(188, 231)] 
2425 [(220, 180)(73, 216)(143, 205)(188, 231)(137, 89)] 
2425 [(220, 180)(73, 216)(143, 205)(188, 231)(137, 89)(284, 220)] 
2450 [(246, 206)] 
2450 [(246, 206)(99, 255)] 
2450 [(246, 206)(99, 255)(111, 198)] 
2450 [(246, 206)(99, 255)(111, 198)(194, 205)] 
2450 [(246, 206)(99, 255)(111, 198)(194, 205)(105, 95)] 
2450 [(246, 206)(99, 255)(111, 198)(194, 205)(105, 95)(290, 194)] 
2475 [(271, 213)] 
2475 [(271, 213)(131, 269)] 
2475 [(271, 213)(131, 269)(92, 184)] 
2475 [(271, 213)(131, 269)(92, 184)(175, 167)] 
2475 [(271, 213)(131, 269)(92, 184)(175, 167)(86, 126)] 
2475 [(271, 213)(131, 269)(92, 184)(175, 167)(86, 126)(278, 175)] 
2500 [(258, 213)] 
2500 [(258, 213)(163, 263)] 
2500 [(258, 213)(163, 263)(105, 159)] 
2500 [(258, 213)(163, 263)(105, 159)(169, 134)] 
2500 [(258, 213)(163, 263)(105, 159)(169, 134)(67, 145)] 
2500 [(258, 213)(163, 263)(105, 159)(169, 134)(67, 145)(265, 162)] 
2525 [(226, 200)] 
2525 [(226, 200)(201, 251)] 
2525 [(226, 200)(201, 251)(131, 140)] 
2525 [(226, 200)(201, 251)(131, 140)(156, 102)] 
2525 [(226, 200)(201, 251)(131, 140)(156, 102)(60, 190)] 
2525 [(226, 200)(201, 251)(131, 140)(156, 102)(60, 190)(239, 155)] 
2550 [(194, 199)] 
2550 [(194, 199)(239, 226)] 
2550 [(194, 199)(239, 226)(163, 134)] 
2550 [(194, 199)(239, 226)(163, 134)(169, 89)] 
2550 [(194, 199)(239, 226)(163, 134)(169, 89)(67, 222)] 
2550 [(194, 199)(239, 226)(163, 134)(169, 89)(67, 222)(214, 161)] 
2575 [(156, 185)] 
2575 [(156, 185)(258, 194)] 
2575 [(156, 185)(258, 194)(207, 135)] 
2575 [(156, 185)(258, 194)(207, 135)(194, 83)] 
2575 [(156, 185)(258, 194)(207, 135)(194, 83)(79, 248)] 
2575 [(156, 185)(258, 194)(207, 135)(194, 83)(79, 248)(188, 160)] 
2600 [(124, 172)] 
2600 [(124, 172)(252, 219)] 
2600 [(124, 172)(252, 219)(239, 148)] 
2600 [(124, 172)(252, 219)(239, 148)(194, 96)] 
2600 [(124, 172)(252, 219)(239, 148)(194, 96)(111, 268)] 
2600 [(124, 172)(252, 219)(239, 148)(194, 96)(111, 268)(169, 160)] 
2625 [(99, 165)] 
2625 [(99, 165)(214, 232)] 
2625 [(99, 165)(214, 232)(271, 162)] 
2625 [(99, 165)(214, 232)(271, 162)(201, 116)] 
2625 [(99, 165)(214, 232)(271, 162)(201, 116)(131, 288)] 
2625 [(99, 165)(214, 232)(271, 162)(201, 116)(131, 288)(143, 166)] 
2650 [(86, 184)] 
2650 [(86, 184)(182, 244)] 
2650 [(86, 184)(182, 244)(278, 181)] 
2650 [(86, 184)(182, 244)(278, 181)(220, 142)] 
2650 [(86, 184)(182, 244)(278, 181)(220, 142)(156, 288)] 
2650 [(86, 184)(182, 244)(278, 181)(220, 142)(156, 288)(124, 191)] 
2675 [(92, 178)] 
2675 [(92, 178)(175, 237)] 
2675 [(92, 178)(175, 237)(284, 213)] 
2675 [(92, 178)(175, 237)(284, 213)(258, 149)] 
2675 [(92, 178)(175, 237)(284, 213)(258, 149)(194, 283)] 
2675 [(92, 178)(175, 237)(284, 213)(258, 149)(194, 283)(111, 198)] 
2700 [(111, 178)] 
2700 [(111, 178)(175, 186)] 
2700 [(111, 178)(175, 186)(271, 226)] 
2700 [(111, 178)(175, 186)(271, 226)(278, 162)] 
2700 [(111, 178)(175, 186)(271, 226)(278, 162)(226, 270)] 
2700 [(111, 178)(175, 186)(271, 226)(278, 162)(226, 270)(99, 217)] 
2725 [(143, 185)] 
2725 [(143, 185)(169, 128)] 
2725 [(143, 185)(169, 128)(246, 239)] 
2725 [(143, 185)(169, 128)(246, 239)(284, 181)] 
2725 [(143, 185)(169, 128)(246, 239)(284, 181)(258, 258)] 
2725 [(143, 185)(169, 128)(246, 239)(284, 181)(258, 258)(92, 197)] 
2750 [(182, 186)] 
2750 [(182, 186)(156, 102)] 
2750 [(182, 186)(156, 102)(214, 238)] 
2750 [(182, 186)(156, 102)(214, 238)(271, 194)] 
2750 [(182, 186)(156, 102)(214, 238)(271, 194)(290, 239)] 
2750 [(182, 186)(156, 102)(214, 238)(271, 194)(290, 239)(86, 184)] 
2775 [(214, 187)] 
2775 [(214, 187)(131, 95)] 
2775 [(214, 187)(131, 95)(188, 231)] 
2775 [(214, 187)(131, 95)(188, 231)(258, 219)] 
2775 [(214, 187)(131, 95)(188, 231)(258, 219)(303, 214)] 
2775 [(214, 187)(131, 95)(188, 231)(258, 219)(303, 214)(105, 172)] 
2800 [(239, 161)] 
2800 [(239, 161)(99, 107)] 
2800 [(239, 161)(99, 107)(156, 218)] 
2800 [(239, 161)(99, 107)(156, 218)(233, 225)] 
2800 [(239, 161)(99, 107)(156, 218)(233, 225)(297, 182)] 
2800 [(239, 161)(99, 107)(156, 218)(233, 225)(297, 182)(118, 153)] 
2825 [(233, 148)] 
2825 [(233, 148)(79, 139)] 
2825 [(233, 148)(79, 139)(124, 211)] 
2825 [(233, 148)(79, 139)(124, 211)(207, 244)] 
2825 [(233, 148)(79, 139)(124, 211)(207, 244)(290, 156)] 
2825 [(233, 148)(79, 139)(124, 211)(207, 244)(290, 156)(143, 147)] 
2850 [(214, 148)] 
2850 [(214, 148)(73, 171)] 
2850 [(214, 148)(73, 171)(105, 197)] 
2850 [(214, 148)(73, 171)(105, 197)(182, 244)] 
2850 [(214, 148)(73, 171)(105, 197)(182, 244)(271, 130)] 
2850 [(214, 148)(73, 171)(105, 197)(182, 244)(271, 130)(163, 147)] 
2875 [(182, 135)] 
2875 [(182, 135)(60, 216)] 
2875 [(182, 135)(60, 216)(92, 178)] 
2875 [(182, 135)(60, 216)(92, 178)(143, 230)] 
2875 [(182, 135)(60, 216)(92, 178)(143, 230)(246, 104)] 
2875 [(182, 135)(60, 216)(92, 178)(143, 230)(246, 104)(175, 173)] 
2900 [(156, 134)] 
2900 [(156, 134)(92, 242)] 
2900 [(156, 134)(92, 242)(73, 158)] 
2900 [(156, 134)(92, 242)(73, 158)(124, 211)] 
2900 [(156, 134)(92, 242)(73, 158)(124, 211)(207, 90)] 
2900 [(156, 134)(92, 242)(73, 158)(124, 211)(207, 90)(201, 193)] 
2925 [(131, 140)] 
2925 [(131, 140)(124, 268)] 
2925 [(131, 140)(124, 268)(73, 139)] 
2925 [(131, 140)(124, 268)(73, 139)(99, 197)] 
2925 [(131, 140)(124, 268)(73, 139)(99, 197)(182, 83)] 
2925 [(131, 140)(124, 268)(73, 139)(99, 197)(182, 83)(214, 219)] 
2950 [(124, 166)] 
2950 [(124, 166)(163, 263)] 
2950 [(124, 166)(163, 263)(79, 126)] 
2950 [(124, 166)(163, 263)(79, 126)(79, 178)] 
2950 [(124, 166)(163, 263)(79, 126)(79, 178)(150, 76)] 
2950 [(124, 166)(163, 263)(79, 126)(79, 178)(150, 76)(239, 232)] 
