100 [(326, 105)]
125 [(270, 114)]
150 [(239, 118)]
175 [(196, 116)]
200 [(139, 127)]
225 [(95, 139)]
250 [(90, 163)]
275 [(107, 192)]
300 [(130, 202)]
325 [(163, 204)]
350 [(196, 200)]
375 [(233, 216)]
400 [(264, 227)]
425 [(341, 95), (262, 226)]
450 [(308, 76), (238, 225)]
475 [(197, 208), (255, 137), (332, 33)]
500 [(194, 189), (159, 199)]
525 [(193, 219), (122, 200)]
550 [(116, 226), (204, 256)]
575 [(94, 229), (228, 248)]
600 [(102, 233), (245, 238)]
625 [(111, 209), (254, 181)]
650 [(251, 146), (119, 192)]
675 [(227, 120), (114, 190)]
700 [(117, 192), (194, 103)]
725 [(138, 172), (138, 196), (169, 91)]
750 [(147, 161), (132, 114)]
775 [(114, 165), (219, 202)]
800 [(110, 204), (241, 214)]
825 [(128, 250), (257, 212), (337, 105)]
850 [(164, 261), (274, 174), (334, 29)]
875 [(202, 220), (184, 265), (246, 122)]
900 [(207, 181), (134, 199), (213, 244)]
925 [(92, 48), (142, 237), (212, 173), (244, 225)]
950 [(146, 139), (118, 238), (249, 179)]
975 [(237, 140), (101, 196), (108, 148)]
1000 [(210, 124), (97, 200), (110, 152)]
1025 [(151, 169), (107, 215), (220, 168)]
1050 [(222, 197), (132, 189), (89, 176), (328, 35)]
1075 [(101, 146), (75, 98), (176, 185), (238, 235)]
1100 [(120, 142), (200, 228)]
1125 [(150, 121), (166, 241)]
1150 [(111, 23), (180, 116), (246, 210), (334, 72), (115, 250)]
1175 [(196, 113), (84, 231), (308, 109), (261, 227)]
1200 [(79, 198), (236, 159), (267, 116), (272, 251)]
1225 [(85, 145), (247, 159), (232, 176), (256, 246)]
1250 [(106, 124), (93, 24), (223, 190), (189, 172)]
1275 [(170, 173), (140, 108), (-29, 19), (144, 185), (445, 105), (489, 324)]
1300 [(157, 181), (137, 201), (115, 197), (271, 159), (262, -36), (392, 82), (4636, 2176)]
1325 [(172, 165), (157, 181), (109, 231), (254, 124)]
1350 [(216, 191), (120, 172), (238, 124)]
1375 [(210, 134), (101, 164), (200, 247)]
1400 [(138, 167), (87, 197), (230, 255), (196, 303)]
1425 [(123, 195), (-35, 161), (252, 235), (85, 198), (211, 269)]
1450 [(122, 230), (59, 137), (244, 203), (226, 248)]
1475 [(238, 164), (113, 174), (170, 241)]
1500 [(207, 104), (102, 165), (216, 193), (170, 259), (-51, 234)]
1525 [(90, 125), (188, 131), (206, 235), (212, 253)]
1550 [(175, 134), (144, 133), (232, 225), (-138, -159), (343, 106)]
1575 [(161, 132), (90, -18), (65, -14), (255, 204), (166, 122), (318, 106), (789, 445)]
1600 [(189, 136), (140, 105), (224, 180), (251, 173), (506, -53), (342, 24)]
1625 [(175, 124), (179, 231), (252, 124), (117, 102), (345, 89)]
1650 [(209, 142), (271, 144), (282, 163), (160, 83), (166, 264), (181, 145)]
1675 [(207, 182), (177, 76), (210, 139), (310, 200), (111, 260)]
1700 [(191, 81), (98, 221), (116, 48), (243, 211), (331, 32), (216, 198)]
1725 [(226, 150), (101, 198), (229, 210), (-33, -70), (197, 29), (494, 86), (768, 491)]
1750 [(162, 121), (122, 173), (123, 121), (243, 180), (328, 35)]
1775 [(189, 145), (155, 138), (214, 131), (93, 139), (265, 235), (269, 13)]
1800 [(199, 147), (145, 161), (96, 162), (185, 92), (352, 288)]
1825 [(185, 112), (195, 161), (99, 183), (211, 198)]
1850 [(137, 195), (158, 95), (237, 181), (251, 248)]
1875 [(196, 189), (224, 234), (116, 142), (267, 181), (401, 65), (133, 226)]
1900 [(146, 246), (-18, 27), (243, 182), (101, 131), (346, 68), (221, 192), (388, 425)]
1925 [(166, 253), (102, 155), (200, 235), (278, 126), (497, 88), (251, 154)]
